

Result from the global fit:
==============================
phis = -0.0295740494563 ^{+ 0.0325295360461 }_{ -0.0325254983933 }
DGs = -0.0295740494563 ^{+ 0.00654569400428 }_{ -0.0065338447606 }
rho( phis ,  DGs ) =  0.0283125138786


Fit using ONLY Bs->Jpsihh:
==============================
Gs = 0.6653943296 ^{+ 0.00221694630623 }_{ -0.00221694630622 }
DGs = 0.6653943296 ^{+ 0.00653202704158 }_{ -0.00653202704159 }
rho( Gs ,  DGs ) =  -0.291378059144
taus = 1/Gs = 1.50286823244 ^{+ 0.00500722357921 }_{ -0.0050072235792 }
tauL = 1/GL =  1.41419830992  +/-  0.00674142856442
tauH = 1/GH =  1.6034011301  +/-  0.0114401038745
DGs/Gs =  0.125399559445  +/-  0.00994654785436


Fit using Jpsihh and effective lifetimes (CP-even and odd):
==============================
Gs = 0.664426342568 ^{+ 0.00215547012516 }_{ -0.00212551694998 }
DGs = 0.664426342568 ^{+ 0.00606192913942 }_{ -0.00615246619601 }
rho( Gs ,  DGs ) =  -0.272017924778
taus = 1/Gs = 1.50505772564 ^{+ 0.00488256824935 }_{ -0.00481471835415 }
tauL = 1/GL =  1.41347151941  +/-  0.00642730414403
tauH = 1/GH =  1.60933494686  +/-  0.0108223276663
DGs/Gs =  0.129590451545  +/-  0.00931347105391


DEFAULT fit using Jpsihh, effective lifetimes and tauFS:
==============================
Gs = 0.664527664707 ^{+ 0.00199735403447 }_{ -0.00199442246608 }
DGs = 0.664527664707 ^{+ 0.0059629629965 }_{ -0.00597710049055 }
rho( Gs ,  DGs ) =  -0.215554602131
taus = 1/Gs = 1.50482824585 ^{+ 0.00452302428878 }_{ -0.00451638572855 }
tauL = 1/GL =  1.41345540527  +/-  0.00641980552768
tauH = 1/GH =  1.6088311539  +/-  0.0101779751281
DGs/Gs =  0.129290022508  +/-  0.00907559113868
